Sarsa_run_time:5301.674203333334,Q_run_time:1123.2415033333325
running_time_S_:[1860.1091999999999, 4596.611999999998, 459.45409999999856, 14592.3068, 3661.695899999998, 2476.3577000000014, 2657.9118000000008, 12094.294599999997, 6105.625000000004, 2219.941399999996, 5169.027199999995, 9842.903899999996, 5411.9872999999925, 2541.3568999999966, 5293.405900000011, 7662.0233999999955, 1535.7537000000007, 4053.9190000000076, 2540.6221000000073, 3945.883100000003, 7819.895300000013, 5334.863500000011, 10489.516700000024, 10745.427300000018, 3632.7399999999843, 6034.095399999984, 2894.199799999996, 3526.0815999999977, 5393.521299999975, 4458.694199999996]
running_time_Q_:[1267.1406, 958.5297000000015, 778.8640000000005, 745.0983999999999, 1089.7191, 1625.0014000000021, 1547.6645000000033, 1323.4013000000004, 604.7608999999952, 678.5876000000002, 1454.0243999999943, 930.9278000000063, 1826.7986999999976, 718.3590000000066, 782.8664999999972, 999.1993000000008, 588.9832000000013, 939.8379999999946, 1752.0690000000059, 748.307099999991, 1652.9292000000169, 1269.0596999999855, 531.1738999999989, 1316.7084999999759, 876.7748000000211, 2001.7072999999925, 1315.6376000000023, 1372.8294000000005, 957.2167999999976, 1043.067399999984]
episode_S_:[174, 473, 69, 982, 381, 257, 339, 756, 625, 212, 511, 628, 537, 281, 449, 646, 174, 313, 219, 393, 638, 390, 728, 586, 330, 467, 311, 356, 380, 388]
episode_Q_:[155, 147, 91, 107, 187, 232, 223, 210, 81, 70, 202, 122, 295, 93, 112, 150, 63, 105, 320, 124, 230, 205, 70, 236, 132, 307, 175, 179, 148, 128]
average_S_episode:433.1,average_Q_episode:163.3




Sarsa_run_time:5460.898746666669,Q_run_time:1115.8872000000024
running_time_S_:[5385.7456999999995, 3219.9494, 1943.4456999999998, 8944.3465, 1335.8667000000005, 1277.4265999999984, 5638.350499999998, 2987.1387000000027, 3556.5406999999996, 16469.558600000008, 2611.9396999999935, 3061.1675000000105, 12496.355500000007, 1898.9195000000052, 3203.5987000000005, 3104.3015999999993, 17363.768300000003, 7557.616899999999, 5795.406700000001, 10977.089499999976, 2001.4720000000068, 8254.627700000015, 1378.9233999999908, 3418.190500000009, 5359.776000000011, 10051.170500000011, 2408.204400000017, 6468.836600000003, 2772.2414999999783, 2884.986800000007]
running_time_Q_:[879.1647999999999, 1256.7538999999997, 1870.6009000000013, 823.1599000000003, 651.5287000000001, 814.8790000000013, 971.9380000000015, 1963.1791999999991, 1621.5377000000046, 719.8884999999962, 1406.7956000000095, 550.0030999999979, 1467.2339000000106, 905.778600000005, 872.9703999999998, 1679.9237999999973, 757.334599999993, 924.5951999999988, 1248.3673000000124, 1573.2137999999907, 1242.921300000006, 789.1496000000018, 636.8220000000235, 908.0390000000023, 1492.4191000000064, 1297.4935999999957, 1212.250800000021, 1363.242100000008, 536.5085999999906, 1038.9230000000111]
episode_S_:[464, 314, 232, 733, 121, 150, 475, 306, 368, 1003, 231, 341, 917, 175, 228, 284, 1225, 704, 464, 966, 183, 628, 164, 299, 425, 676, 236, 588, 287, 290]
episode_Q_:[118, 118, 278, 89, 89, 117, 118, 320, 251, 73, 147, 60, 185, 138, 123, 246, 94, 102, 134, 157, 157, 97, 73, 112, 155, 191, 103, 179, 59, 114]
average_S_episode:449.23333333333335,average_Q_episode:139.9
