running_time_S_:[1635.0034999999998, 5689.278399999999, 4000.5284, 4079.5765999999994, 2092.4022999999997, 30140.5775, 1154.426200000003, 16679.672499999997, 5775.159000000002, 11194.777300000012, 1053.8523000000027, 4091.0530999999964, 15343.800399999993, 4446.286500000014, 3963.2231999999876, 6465.030899999988, 17439.559, 7301.775400000025, 2529.18870000002, 1306.7293999999947, 1969.4434999999828, 4500.067400000006, 6122.899999999987, 2328.6760000000013, 30365.94720000002, 8654.000700000011, 17667.669100000014, 4843.149700000026, 5216.271100000029, 7969.984000000011]
running_time_Q_:[819.5389, 2360.0390000000007, 1556.559, 1196.3223999999996, 1297.1503999999995, 1299.351299999998, 1236.7254000000046, 1830.7179999999903, 2043.172400000003, 2175.8066999999955, 1489.9300000000012, 2527.002600000003, 1136.5724999999998, 1316.7913000000055, 1703.1502000000103, 1319.1162000000247, 1001.3025000000084, 2790.9985999999944, 921.1795999999879, 2209.976499999982, 1790.5022000000201, 1098.3879000000059, 1139.0591999999913, 1352.2347999999909, 2284.563599999984, 2021.825999999976, 2141.1600000000135, 1309.847599999955, 1928.683699999965, 1342.685700000004]
episode_S_:[104, 373, 321, 305, 155, 1402, 77, 879, 340, 540, 104, 282, 565, 329, 292, 379, 804, 434, 247, 112, 136, 192, 360, 222, 1088, 380, 1000, 347, 414, 365]
episode_Q_:[86, 308, 171, 93, 120, 154, 99, 202, 188, 176, 138, 177, 122, 153, 205, 156, 94, 210, 96, 185, 216, 87, 110, 120, 219, 193, 257, 141, 235, 111]
average_S_episode:418.26666666666665,average_Q_episode:160.73333333333332